#BVGraph properties
#Sat Jan 19 17:37:28 PST 2019
compratio=0.144
bitsforblocks=1654731
residualarcs=783065
version=0
zetak=3
residualexpstats=156947,121367,65332,58374,76783,59741,40165,29667,27704,27712,28260,25752,21069,16217,9492,2632,4490,6276,4184,901
avgref=1.838
residualavggap=6245.273
avgbitsforoutdegrees=5.963
windowsize=7
bitsforintervals=1198149
copiedarcs=3748754
avgbitsforblocks=5.083
bitsperlink=2.264
bitsforresiduals=6552494
bitsforreferences=1057618
avgdist=2.249
successoravgloggap=2.243093843448005
avgbitsforreferences=3.249
successoravggap=1367.725
maxrefcount=3
successorexpstats=4119987,289647,147435,120695,139938,110669,85659,69627,68221,77390,68072,60357,54061,24073,13250,4502,7208,10106,5920,1121
nodes=325557
compressionflags=
intervalisedarcs=946119
bitspernode=38.102
arcs=5477938
bitsforoutdegrees=1941363
avgbitsforintervals=3.68
minintervallength=4
graphclass=it.unimi.dsi.webgraph.BVGraph
avgbitsforresiduals=20.127
residualavgloggap=5.0958829634094975
